..............................................................................
|  SL  |    Range    | Occurrence | Expected occ  |  (O-E)^2  |   (O-E)^2/E  |
..............................................................................
|   1  |    0 -   99 |     519    |      500      |      361  |       0.72   |
|   2  |  100 -  199 |     515    |      500      |      225  |       0.45   |
|   3  |  200 -  299 |     496    |      500      |       16  |       0.03   |
|   4  |  300 -  399 |     454    |      500      |     2116  |       4.23   |
|   5  |  400 -  499 |     514    |      500      |      196  |       0.39   |
|   6  |  500 -  599 |     514    |      500      |      196  |       0.39   |
|   7  |  600 -  699 |     539    |      500      |     1521  |       3.04   |
|   8  |  700 -  799 |     487    |      500      |      169  |       0.34   |
|   9  |  800 -  899 |     475    |      500      |      625  |       1.25   |
|  10  |  900 -  999 |     487    |      500      |      169  |       0.34   |
..............................................................................
|                                            Total chi-square =    11.1880   |
..............................................................................
Result : ACCEPTED
